# exp-022: Procrustes Similarity Map — Results

**节点**: jiagpu4 (CPU)  |  **耗时**: 89s  |  **日期**: 2025-07-15

## 概要

16 个模型的中间层表征做 pairwise Procrustes distance 和 CKA 比较。500 句子采样，维度不匹配时 PCA 对齐到较小维度。

## 核心发现

### 1. 架构家族聚类 ✅ 非常强

| 度量 | 同家族 (mean±std) | 跨家族 (mean±std) | 差异倍数 |
|------|-------------------|-------------------|----------|
| Procrustes dist ↓ | 0.337 ± 0.150 | 0.973 ± 0.194 | 2.9× |
| CKA similarity ↑ | 0.894 ± 0.158 | 0.260 ± 0.144 | 3.4× |

**Nearest neighbor 分析**：所有 16 个模型的最近邻都是同家族模型，无一例外。

### 2. Procrustes vs CKA 相关性

**Pearson r = −0.94**（强负相关，因为 Procrustes 是距离，CKA 是相似度）

→ CKA 确实是 Procrustes distance 的好 proxy，两者基本等价。

### 3. 家族内部紧致度差异大

| 家族 | Procrustes mean | CKA mean | 内部一致性 |
|------|----------------|----------|-----------|
| Pythia (21 pairs) | 0.263 | 0.988 | 极高 |
| Mamba (6 pairs) | 0.317 | 0.930 | 高 |
| RWKV (10 pairs) | 0.504 | 0.676 | 中等 |

Pythia 家族内部几乎完全对齐（CKA > 0.96），而 RWKV 家族内部异质性大（CKA 0.36–0.87）。

### 4. 跨家族距离

| 对 | Procrustes mean | CKA mean |
|----|----------------|----------|
| Pythia × Mamba | 1.053 | 0.301 |
| Pythia × RWKV | 1.080 | 0.125 |
| Mamba × RWKV | 0.674 | 0.437 |

**Mamba 与 RWKV 之间的距离明显小于 Pythia 与它们的距离**。这说明两种 recurrent 架构的表征空间比 Transformer 更接近。

### 5. 规模效应（convergence hypothesis）

**Pythia 内部**：最近的对是相邻规模的模型（410M↔1.4B: 0.078，410M↔1B: 0.088），最远的是 70M↔410M (0.489)。Pythia-2.8B 是个异常值——与 410M 的距离(0.348)竟大于 160M↔6.9B(0.199)，可能中间层特征有跳变。

**Mamba 内部**：平稳递进，相邻模型最近（1.4B↔2.8B: 0.223, 370M↔1.4B: 0.287）。

**RWKV 内部**：169M 和 7B 距离最远(0.673)，但整体异质性高。RWKV-7B 与家族内其他成员的距离都较大（0.48–0.67），暗示大规模 RWKV 的表征发生了质变。

### 6. 最有趣的观察

- **RWKV-169M 的第二近邻是 Mamba-130M**（0.503, CROSS），这是唯一一个跨家族近邻进入 top-3 的情况。小规模 recurrent 模型之间有表征共性。
- Pythia-2.8B 反常地接近 Mamba/RWKV（与 Mamba-130M 的距离 0.917，是 Pythia 中最小的），可能中间层捕获了更多 "universal" 特征。

## Procrustes Distance Matrix (condensed)

```
              70M  160M  410M   1B  1.4B  2.8B  6.9B  M130  M370  M1.4  M2.8  R169  R430  R1.5  R3B   R7B
Pythia-70M   .000  .327  .489  .464  .448  .343  .419  .877  .885  .923  .930  .844  .896 1.012  .998  .968
Pythia-160M  .327  .000  .263  .241  .220  .209  .199  .995  .998 1.026 1.029  .969 1.009 1.112 1.103 1.042
Pythia-410M  .489  .263  .000  .088  .078  .348  .175 1.173 1.172 1.192 1.192 1.130 1.147 1.233 1.220 1.166
Pythia-1B    .464  .241  .088  .000  .088  .323  .176 1.150 1.149 1.169 1.168 1.107 1.120 1.212 1.194 1.157
Pythia-1.4B  .448  .220  .078  .088  .000  .288  .123 1.125 1.121 1.141 1.140 1.086 1.105 1.196 1.181 1.130
Pythia-2.8B  .343  .209  .348  .323  .288  .000  .212  .917  .908  .921  .921  .918  .961 1.062 1.055  .960
Pythia-6.9B  .419  .199  .175  .176  .123  .212  .000 1.062 1.055 1.068 1.066 1.043 1.072 1.161 1.152 1.064
Mamba-130M   .877  .995 1.173 1.150 1.125  .917 1.062  .000  .295  .366  .405  .503  .635  .751  .759  .690
Mamba-370M   .885  .998 1.172 1.149 1.121  .908 1.055  .295  .000  .287  .324  .523  .634  .731  .736  .659
Mamba-1.4B   .923 1.026 1.192 1.169 1.141  .921 1.068  .366  .287  .000  .223  .573  .665  .746  .737  .650
Mamba-2.8B   .930 1.029 1.192 1.168 1.140  .921 1.066  .405  .324  .223  .000  .608  .692  .766  .755  .665
RWKV-169M    .844  .969 1.130 1.107 1.086  .918 1.043  .503  .523  .573  .608  .000  .380  .593  .568  .673
RWKV-430M    .896 1.009 1.147 1.120 1.105  .961 1.072  .635  .634  .665  .692  .380  .000  .441  .438  .619
RWKV-1.5B  1.012 1.112 1.233 1.212 1.196 1.062 1.161  .751  .731  .746  .766  .593  .441  .000  .355  .484
RWKV-3B      .998 1.103 1.220 1.194 1.181 1.055 1.152  .759  .736  .737  .755  .568  .438  .355  .000  .489
RWKV-7B      .968 1.042 1.166 1.157 1.130  .960 1.064  .690  .659  .650  .665  .673  .619  .484  .489  .000
```

## 输出文件

`/nvmessd/lifanhong/LR-env/exp022-procrustes/`:
- `procrustes_matrix.npy` — 16×16 距离矩阵
- `cka_matrix.npy` — 16×16 CKA 相似度矩阵
- `model_names.json` — 模型名顺序
- `results_summary.json` — 聚合统计
